0,531
0,530
0,529
0,528
0,527
0,526
0,525
0,524
0,523
0,522
0,521
0,520
0,519
0,518
0,517
0,516
0,515
0,514
0,513
0,512
0,485
0,481
0,480
0,479
0,478
0,473
0,472
4,1
0,471
4,3
0,470
4,0
0,466
0,465
0,464
0,463
0,462
0,461
0,459
0,458
0,457
0,456
0,455
0,453
0,452
0,447
0,446
0,445
0,444
0,443
0,442
0,441
0,440
0,438
0,437
0,428
0,427
0,426
0,425
0,424
0,423
0,422
0,421
0,420
0,419
0,418
0,417
0,416
0,415
0,414
0,413
0,412
0,411
0,410
0,409
0,408
0,407
0,406
0,405
0,404
0,403
0,402
0,401
0,400
0,395
0,394
0,393
0,392
0,391
0,390
0,389
0,388
0,387
0,386
0,385
0,384
0,383
0,382
0,381
0,380
0,379
0,378
0,377
0,376
0,375
0,374
0,373
0,372
0,371
0,370
0,369
0,368
0,367
0,364
0,360
0,359
0,358
0,357
0,356
0,355
0,354
0,353
0,352
0,351
0,350
0,349
0,348
0,338
0,324
0,319
0,318
0,317
0,314
0,243
1,1
1,3
1,0
2,1
2,3
2,0
0,9
0,310
0,305
0,308
0,304
0,303
0,302
0,307
0,12
0,10
0,8
0,0
0,300
0,299
0,298
0,347
0,297
0,346
0,296
0,345
0,295
0,294
0,344
0,293
0,343
0,292
0,342
0,291
0,290
0,289
0,288
0,287
0,286
0,532
32,0
32,2
32,3
33,1
33,2
33,4
33,6
33,7
33,9
33,10
33,12
33,14
33,15
33,17
33,18
33,20
33,21
33,23
33,25
33,26
33,28
33,29
33,31
33,33
33,34
33,64
33,65
33,67
33,68
33,70
33,72
33,73
33,75
33,76
33,78
33,80
33,81
33,83
33,84
33,86
33,87
33,89
33,91
33,92
33,94
33,95
33,97
33,99
33,100
33,102
33,103
33,105
33,107
33,108
33,110
33,111
33,113
33,114
33,116
33,118
33,119
33,121
33,122
33,124
33,126
33,127
33,129
33,130
33,132
33,133
33,135
33,137
33,138
33,140
33,141
33,143
33,145
33,146
34,1
34,2
34,4
34,5
34,7
34,9
34,10
34,12
34,13
34,15
34,17
34,18
34,20
34,21
34,23
34,25
34,26
34,28
34,29
34,31
34,32
34,34
34,64
34,65
34,67
34,68
34,70
34,72
34,73
34,75
34,76
34,78
34,79
34,81
34,83
34,84
34,86
34,87
34,89
34,91
34,92
34,94
34,95
34,97
34,98
34,100
34,102
34,103
34,105
34,106
34,108
34,110
34,111
34,113
34,114
34,116
34,117
34,119
34,121
34,122
34,124
34,125
34,127
34,129
34,130
34,132
34,133
34,135
34,137
34,138
34,140
34,141
34,143
34,144
34,146
34,148
34,149
34,151
34,152
34,154
34,156
34,157
34,159
34,160
34,162
34,163
34,165
34,167
34,168
34,170
34,171
34,173
34,175
34,176
34,178
34,179
34,181
34,182
34,184
34,186
34,187
34,189
34,190
34,192
34,194
34,195
34,197
34,198
34,200
34,202
34,203
34,205
34,206
34,208
34,209
34,211
34,213
34,214
34,216
34,217
34,219
34,221
34,222
34,224
34,225
34,227
34,228
34,230
34,232
34,233
34,235
34,236
34,238
34,240
34,241
34,243
34,244
34,246
34,247
34,249
34,251
34,252
34,254
34,255
34,257
34,259
34,260
34,262
34,263
34,265
34,266
34,268
34,270
34,271
34,273
34,274
34,276
34,278
34,279
34,281
34,282
34,284
34,286
34,287
34,289
34,290
34,292
34,293
34,295
34,297
34,298
34,300
34,301
34,303
34,305
35,0
35,2
35,3
35,5
35,6
35,8
35,10
35,11
35,13
35,14
35,16
35,18
35,19
35,21
35,22
35,24
35,25
35,27
35,29
35,30
35,32
35,33
35,35
35,65
35,66
35,68
35,69
35,71
35,73
35,74
35,76
35,77
35,79
35,80
35,82
35,84
35,85
35,87
35,88
35,90
35,92
35,93
35,95
35,96
35,98
35,99
35,101
35,103
35,104
35,106
35,107
35,109
35,111
35,112
35,114
35,115
35,117
35,118
35,120
35,122
35,123
35,125
35,126
35,128
35,130
35,131
35,133
35,134
35,136
35,138
35,139
35,141
35,142
35,144
35,145
35,147
35,149
35,150
35,152
35,153
35,155
35,157
35,158
35,160
35,161
35,163
35,164
35,166
35,168
35,169
35,171
35,172
35,174
35,176
35,177
35,179
35,180
35,182
35,183
35,185
35,187
35,188
35,190
35,191
35,193
35,195
35,196
35,198
35,199
35,201
35,202
35,204
35,206
35,207
35,209
35,210
35,212
35,214
35,215
35,217
35,218
35,220
35,222
35,223
35,225
35,226
35,228
35,229
35,231
35,233
35,234
35,236
35,237
35,239
35,241
35,242
35,244
35,245
35,247
35,248
35,250
35,252
35,253
35,255
35,256
35,258
35,260
35,261
35,263
35,264
35,266
35,267
35,269
35,271
35,272
35,274
35,275
35,277
35,279
35,280
35,282
35,283
35,285
35,287
35,288
35,290
35,291
35,293
35,294
35,296
35,298
35,299
35,301
35,302
35,304
35,306
35,307
35,309
35,310
35,312
35,313
35,315
35,317
35,318
35,320
35,321
35,323
35,325
35,326
35,328
35,329
35,331
35,332
35,334
35,336
35,337
35,339
35,340
35,342
35,344
35,345
35,347
35,348
35,350
35,351
35,353
35,355
35,356
35,358
35,359
35,361
35,363
35,364
35,366
35,367
35,369
35,371
35,372
35,374
35,375
35,377
35,378
35,380
35,382
36,0
36,2
36,3
36,5
36,7
36,8
36,10
36,11
36,13
36,14
36,16
36,18
36,19
36,21
36,22
36,24
36,26
36,27
36,29
36,30
36,32
36,33
36,35
36,65
36,66
36,68
36,69
36,71
36,73
36,74
36,76
36,77
36,79
36,81
36,82
36,84
36,85
36,87
36,88
36,90
36,92
36,93
36,95
36,96
36,98
36,100
36,101
36,103
36,104
36,106
36,107
36,109
36,111
36,112
36,114
36,115
36,117
36,119
36,120
36,122
36,123
36,125
36,126
36,128
36,130
36,131
36,133
36,134
36,136
36,138
36,139
36,141
36,142
36,144
36,145
36,147
36,149
36,150
36,152
36,153
36,155
36,157
36,158
36,160
36,161
36,163
36,165
36,166
36,168
36,169
36,171
36,172
36,174
36,176
36,177
36,179
36,180
36,182
36,184
36,185
36,187
36,188
36,190
36,191
36,193
36,195
36,196
36,198
36,199
36,201
36,203
36,204
36,206
36,207
36,209
36,210
36,212
36,214
36,215
36,217
36,218
36,220
36,222
36,223
36,225
36,226
36,228
36,230
36,231
36,233
36,234
36,236
36,237
36,239
36,241
36,242
36,244
36,245
36,247
36,249
36,250
36,252
36,253
36,255
36,256
36,258
36,260
36,261
36,263
36,264
36,266
36,268
36,269
36,271
36,272
36,274
36,275
36,277
36,279
36,280
36,282
36,283
36,285
36,287
36,288
36,290
36,291
36,293
36,295
36,296
36,298
36,299
36,301
36,302
36,304
36,306
36,307
36,309
36,310
36,312
36,314
36,315
36,317
36,318
36,320
36,321
36,323
36,325
36,326
36,328
36,329
36,331
36,333
36,334
37,0
37,1
37,3
38,0
38,2
38,4
38,5
38,7
38,8
38,10
38,12
38,13
38,15
38,16
38,18
38,19
38,21
38,23
38,24
38,26
38,27
38,29
38,31
38,32
38,34
38,35
38,65
38,67
38,68
38,70
38,71
38,73
38,74
38,76
38,78
38,79
38,81
38,82
38,84
38,86
38,87
38,89
38,90
38,92
38,93
38,95
38,97
38,98
38,100
38,101
38,103
38,105
38,106
38,108
38,109
38,111
38,112
38,114
38,116
38,117
38,119
38,120
38,122
38,124
38,125
38,127
38,128
38,130
38,132
38,133
38,135
38,136
38,138
38,139
38,141
38,143
38,144
38,146
38,147
38,149
38,151
38,152
38,154
38,155
38,157
38,158
38,160
38,162
38,163
38,165
38,166
38,168
38,170
38,171
38,173
38,174
38,176
38,177
38,179
38,181
38,182
38,184
38,185
38,187
38,189
38,190
38,192
38,193
38,195
38,196
38,198
38,200
38,201
38,203
38,204
38,206
38,208
38,209
38,211
38,212
38,214
38,216
38,217
38,219
38,220
38,222
38,223
38,225
38,227
38,228
38,230
38,231
38,233
38,235
38,236
38,238
38,239
38,241
38,242
38,244
38,246
38,247
38,249
38,250
38,252
38,254
38,255
38,257
38,258
38,260
38,261
38,263
38,265
38,266
38,268
38,269
38,271
38,273
38,274
38,276
38,277
38,279
38,281
38,282
38,284
38,285
38,287
38,288
38,290
38,292
38,293
38,295
38,296
38,298
38,300
38,301
38,303
38,304
38,306
38,307
38,309
38,311
38,312
38,314
38,315
38,317
38,319
38,320
38,322
38,323
38,325
38,326
38,328
38,330
38,331
38,333
38,334
38,336
38,338
38,339
38,341
38,342
38,344
38,345
38,347
38,349
38,350
38,352
38,353
38,355
38,357
38,358
38,360
38,361
38,363
38,365
38,366
38,368
38,369
38,371
38,372
38,374
38,376
38,377
38,379
38,380
38,382
38,384
38,385
38,387
38,386
38,383
38,381
38,378
38,375
38,373
38,370
38,367
38,364
38,362
38,359
38,356
38,354
38,351
38,348
38,346
38,343
38,340
38,337
38,335
38,332
38,329
38,327
38,324
38,321
38,318
38,316
38,313
38,310
38,308
38,305
38,302
38,299
38,297
38,294
38,291
38,289
38,286
38,283
38,280
38,278
38,275
38,272
38,270
38,267
38,264
38,262
38,259
38,256
38,253
38,251
38,248
38,245
38,243
38,240
38,237
38,234
38,232
38,229
38,226
38,224
38,221
38,218
38,215
38,213
38,210
38,207
38,205
38,202
38,199
38,197
38,194
38,191
38,188
38,186
38,183
38,180
38,178
38,175
38,172
38,169
38,167
38,164
38,161
38,159
38,156
38,153
38,150
38,148
38,145
38,142
38,140
38,137
38,134
38,131
38,129
38,126
38,123
38,121
38,118
38,115
38,113
38,110
38,107
38,104
38,102
38,99
38,96
38,94
38,91
38,88
38,85
38,83
38,80
38,77
38,75
38,72
38,69
38,66
38,64
38,33
38,30
38,28
38,25
38,22
38,20
38,17
38,14
38,11
38,9
38,6
38,3
38,1
37,2
36,335
36,332
36,330
36,327
36,324
36,322
36,319
36,316
36,313
36,311
36,308
36,305
36,303
36,300
36,297
36,294
36,292
36,289
36,286
36,284
36,281
36,278
36,276
36,273
36,270
36,267
36,265
36,262
36,259
36,257
36,254
36,251
36,248
36,246
36,243
36,240
36,238
36,235
36,232
36,229
36,227
36,224
36,221
36,219
36,216
36,213
36,211
36,208
36,205
36,202
36,200
36,197
36,194
36,192
36,189
36,186
36,183
36,181
36,178
36,175
36,173
36,170
36,167
36,164
36,162
36,159
36,156
36,154
36,151
36,148
36,146
36,143
36,140
36,137
36,135
36,132
36,129
36,127
36,124
36,121
36,118
36,116
36,113
36,110
36,108
36,105
36,102
36,99
36,97
36,94
36,91
36,89
36,86
36,83
36,80
36,78
36,75
36,72
36,70
36,67
36,64
36,34
36,31
36,28
36,25
36,23
36,20
36,17
36,15
36,12
36,9
36,6
36,4
36,1
35,381
35,379
35,376
35,373
35,370
35,368
35,365
35,362
35,360
35,357
35,354
35,352
35,349
35,346
35,343
35,341
35,338
35,335
35,333
35,330
35,327
35,324
35,322
35,319
35,316
35,314
35,311
35,308
35,305
35,303
35,300
35,297
35,295
35,292
35,289
35,286
35,284
35,281
35,278
35,276
35,273
35,270
35,268
35,265
35,262
35,259
35,257
35,254
35,251
35,249
35,246
35,243
35,240
35,238
35,235
35,232
35,230
35,227
35,224
35,221
35,219
35,216
35,213
35,211
35,208
35,205
35,203
35,200
35,197
35,194
35,192
35,189
35,186
35,184
35,181
35,178
35,175
35,173
35,170
35,167
35,165
35,162
35,159
35,156
35,154
35,151
35,148
35,146
35,143
35,140
35,137
35,135
35,132
35,129
35,127
35,124
35,121
35,119
35,116
35,113
35,110
35,108
35,105
35,102
35,100
35,97
35,94
35,91
35,89
35,86
35,83
35,81
35,78
35,75
35,72
35,70
35,67
35,64
35,34
35,31
35,28
35,26
35,23
35,20
35,17
35,15
35,12
35,9
35,7
35,4
35,1
34,304
34,302
34,299
34,296
34,294
34,291
34,288
34,285
34,283
34,280
34,277
34,275
34,272
34,269
34,267
34,264
34,261
34,258
34,256
34,253
34,250
34,248
34,245
34,242
34,239
34,237
34,234
34,231
34,229
34,226
34,223
34,220
34,218
34,215
34,212
34,210
34,207
34,204
34,201
34,199
34,196
34,193
34,191
34,188
34,185
34,183
34,180
34,177
34,174
34,172
34,169
34,166
34,164
34,161
34,158
34,155
34,153
34,150
34,147
34,145
34,142
34,139
34,136
34,134
34,131
34,128
34,126
34,123
34,120
34,118
34,115
34,112
34,109
34,107
34,104
34,101
34,99
34,96
34,93
34,90
34,88
34,85
34,82
34,80
34,77
34,74
34,71
34,69
34,66
34,35
34,33
34,30
34,27
34,24
34,22
34,19
34,16
34,14
34,11
34,8
34,6
34,3
34,0
33,144
33,142
33,139
33,136
33,134
33,131
33,128
33,125
33,123
33,120
33,117
33,115
33,112
33,109
33,106
33,104
33,101
33,98
33,96
33,93
33,90
33,88
33,85
33,82
33,79
33,77
33,74
33,71
33,69
33,66
33,35
33,32
33,30
33,27
33,24
33,22
33,19
33,16
33,13
33,11
33,8
33,5
33,3
33,0
32,1
0,285
0,340
0,284
0,339
0,283
0,341
0,282
0,336
0,281
0,335
0,280
0,337
0,279
0,333
0,278
0,332
0,277
0,334
0,276
0,327
0,275
0,326
0,274
0,328
0,273
0,323
0,272
0,322
0,271
0,325
0,270
0,320
0,269
0,511
0,268
0,321
0,267
0,509
0,266
0,508
0,265
0,510
0,264
0,506
0,263
0,505
0,262
0,507
0,261
0,503
0,260
0,502
0,259
0,504
0,258
0,500
0,257
0,499
0,256
0,501
0,255
0,498
0,254
0,484
0,253
0,483
0,252
0,482
0,251
0,496
0,250
0,497
0,249
0,494
0,248
0,493
0,247
0,495
0,246
0,451
0,245
0,450
0,244
0,492
0,242
0,490
0,241
0,489
0,240
0,491
0,239
0,488
0,238
0,487
0,237
0,449
0,236
0,448
0,235
0,469
0,234
0,468
0,233
0,486
0,232
0,231
0,230
0,229
0,228
0,227
0,477
0,226
0,439
0,225
0,224
0,476
0,223
0,475
0,222
0,436
0,221
0,435
0,220
0,434
0,219
0,433
0,218
0,432
0,217
0,431
0,216
0,474
0,215
0,430
0,214
0,429
0,213
0,212
0,211
0,210
0,209
0,208
0,467
0,207
0,399
0,206
0,398
0,205
0,397
0,204
0,396
0,203
0,202
0,201
0,200
0,199
0,198
0,366
0,197
0,365
0,196
0,195
0,460
0,194
0,363
0,193
0,362
0,192
0,361
0,63
0,62
0,61
0,60
0,59
0,58
0,454
0,57
0,331
0,56
0,330
0,55
0,329
0,54
0,53
0,316
0,52
0,315
0,51
0,50
0,313
0,49
0,312
0,48
0,311
0,47
0,309
0,46
0,306
0,45
0,301
0,6
0,5
0,1
0,11
0,4
0,2
0,3
0,7
